              precision    recall  f1-score   support

           0       0.00      0.00      0.00       623
           1       0.00      0.00      0.00       502
           2       0.00      0.00      0.00       336
           3       0.00      0.00      0.00       166
           4       0.00      0.00      0.00       534
           5       0.00      0.00      0.00       791
           6       0.00      0.00      0.00       153
           7       0.00      0.00      0.00       974
           8       0.00      0.00      0.00       414
           9       0.00      0.00      0.00      1009
          10       0.00      0.00      0.00       161
          11       0.00      0.00      0.00       498
          12       0.00      0.00      0.00       648
          13       0.00      0.00      0.00      1015
          14       0.00      0.00      0.00       861
          15       0.00      0.00      0.00       161
          16       0.00      0.00      0.00       999
          17       0.00      0.00      0.00       165
          18       0.00      0.00      0.00       952
          19       0.00      0.00      0.00       955
          20       0.00      0.00      0.00       284
          21       0.00      0.00      0.00       998
          22       0.00      0.00      0.00       518
          23       0.00      0.00      0.00      2042
          24       0.03      1.00      0.06       499
          25       0.00      0.00      0.00       552
          26       0.00      0.00      0.00       174

    accuracy                           0.03     16984
   macro avg       0.00      0.04      0.00     16984
weighted avg       0.00      0.03      0.00     16984
