[[ 356   24    1    0    4    5    4    4    7    0    0    0    5    0
     1    4    1    0   61   38    3   13    0    3    0   90    0]
 [  21  329   35    4    9    8    0    2   12    1    0    3    1    1
     0    0    3    1   13    9   37    6    2    0    0    3    1]
 [   3    4  253    3    7    0    2    1    4    9    2    7   11    0
     0    0    3    0    1    1   13    8    1    0    3    0    0]
 [   0    3    8  146    0    1    0    1    1    0    0    0    0    0
     0    0    0    0    0    0    3    3    0    0    0    0    0]
 [   8   14   14    0  367    3   29   13    3    4    0    6   21    1
     2    0    9    2    3    6    7   14    0    4    1    2    1]
 [  12   15    7    0    5  699    5    2    8    0    1    1    0    0
     0    0    1    0    5   12   15    1    0    0    0    2    0]
 [  12    7    4    0    7    4   70    3    9    2    0    5    7    0
     0    0    1    0    7    4    4    4    0    0    0    3    0]
 [   2   10   15    1   75    4   15  385   87  185    5   61   60    4
     3    0   11    7    3    6   12   14    2    5    2    0    0]
 [  12    7    8    2   15    7   12   84  185    7    1   16   11    0
     0    0    4    1    5    9    8   10    1    4    0    4    1]
 [   5    2   21    1    9    1    6   21    7  848    2   18   12    5
     0    1    0    1    3    6    7   11    4    3   14    1    0]
 [   0    0    3    1    0    0    0    1    0    1  143    2    2    0
     0    0    1    0    0    0    0    4    0    0    2    1    0]
 [   1    1    3    0    7    0    6   27    7    1    6  361   28    3
     1    1    6    0    2    2    0    4    9   16    5    1    0]
 [   4    2    8    2   17    1   10   16    9    2    2   14  456   19
    12    1   15    2    0    4    4   26    8    6    7    2    0]
 [   0    0    1    0    3    1    0    4    2    0    0    8   20  759
    40    2   81    1    1    1    0   13   49    3   24    2    0]
 [   3    1    0    0    4    1    2    0    1    0    0    6   21   15
   739    0   43    0    0    3    1    2   12    2    4    1    0]
 [   0    2    0    0    1    0    0    2    0    0    1    1    1    0
     0  140    1    1    1    1    0    3    2    1    0    2    0]
 [   1    2    3    0   15    1    2   13    6    1    0   14   31   64
    43    3  716    1    6    4    2   15   29    3   22    2    0]
 [   1    0    3    0    0    0    0    1    0    2    1    3    9    1
     0    2    3  130    0    0    0    0    6    2    1    0    0]
 [  90   27    0    0    8   12    5    0    1    1    1    0    2    1
     1    0    1    1  697   46   14    4    0    1    0   39    0]
 [ 138   29    6    0   10   21    6    0   12    2    3    2    6    4
     2    0    0    0  115  474   71   17    0    1    0   36    0]
 [   5   38   22    4    5    6    2    1    2    1    0    1    5    0
     0    0    0    0    3   12  168    8    0    1    0    0    0]
 [  11    3    3    2    3    1    7    1    9    5    1   11   16   14
     1    1   14    2    6   20    8  810    8    5   18   18    0]
 [   1    0    1    0    0    0    1    1    0    0    0   14   11   41
     6    2   25    1    0    1    0    7  377    6   23    0    0]
 [   0    2   10    0    1    0    1    4    1    2    0   41   36    7
     1    0   27    2    1    3    4   34   21 1806   36    2    0]
 [   1    2    2    1    3    0    1    2    2    5    1   11   10   17
     2    0   15    2    0    0    0   18   30   18  356    0    0]
 [  31    1    0    0    1    0    0    0    1    0    0    1    1    0
     0    2    0    1   27    4    1    0    0    1    0  480    0]
 [   0    0    0    0    0    0    0    0    3    0    0    0    0    0
     0    0    0    0    0    1    0    0    0    1    1    1  167]]