[[ 390   15    0    1    0    6    6    4    8    0    0    0    2    0
     1    3    1    2   45   42    2   11    0    0    2   68   15]
 [  12  338   46    6    4    5    3    8    7    2    0    2    0    0
     0    5    2    0    5    7   24    2    1    0   10    1   11]
 [   1    6  252    3    2    1    0    0    4    7    4    4    4    5
     0    2    3    3    0    0   16    8    1    1    9    0    0]
 [   0    5    8  134    1    0    0    1    2    0    0    0    0    0
     0    0    0    0    0    0   11    3    0    0    0    0    1]
 [   7   11    4    0  394    4   11   36    8    6    3    0    1    0
     2    1   10    3    4    6    7    7    0    2    3    2    2]
 [   5    8    2    0    3  750    0    1    8    0    3    0    0    0
     0    1    0    0    2    1    4    2    0    0    0    1    0]
 [  11    5    3    0    7    3   89    3   11    3    3    1    1    0
     0    0    1    0    1    1    3    1    0    3    1    2    0]
 [   8   16   12    2   44    7   13  400   96  181   17   46   24    3
     2    5   21   16    4    5    2   16   11    2   19    2    0]
 [   6    9    4    2   12   14    5   56  204    8    4   10    4    1
     1    9    1    2    4   11    6   16    1    4   11    5    4]
 [   7    2   19    1    4    0    3   14    5  866    1    6    2    0
     0    4    3    0    3    8    7   14   10    3   24    2    1]
 [   0    0    1    0    0    0    1    1    1    1  145    0    2    0
     0    0    3    0    0    0    0    3    0    1    2    0    0]
 [   3    3    2    1    0    0    0   15   20    9   13  336   12    6
     0    5    7    6    1    0    0   14   17    6   20    1    1]
 [   4    1   10    0    0    2    5   24   17    6    8   12  402   20
    17   13   30    6    6    9    1   11   20    6   17    2    0]
 [   3    2    5    0    0    1    1    5    0    2    3   12   18  631
    36    4   85    4    0    1    2   22  116    5   56    1    0]
 [   1    0    0    0    0    1    2    1    1    0    1    1   17   12
   730    4   49    2    1    2    0    7   23    2    4    0    0]
 [   0    0    0    0    0    1    0    2    1    0    1    0    1    0
     0  144    1    0    1    3    0    3    0    0    1    1    0]
 [   1    2    7    0    9    1    2    8   10    5    7   10   24   44
    38    8  686    7    3    6    3   18   45    2   53    0    0]
 [   1    1    0    0    1    0    0    1    1    1    0    7    3    1
     1    5    9  122    0    1    0    0    4    2    4    0    0]
 [  97   24    0    1    5   11    4    2    4    1    1    1    0    0
     2    3    2    1  689   55    7    4    1    0    0   31    6]
 [  80   14    0    0    3   10    1    0    8    1    0    0    1    0
     0    5    1    0   53  728   22    2    1    0    1   16    8]
 [   5   14   14    1    4    4    0    0    5    0    1    0    1    0
     0    1    0    0    1    8  225    0    0    0    0    0    0]
 [   8    3    9    0    1    1    3    2    7    2    9    6    9    9
     0   12   17    2    6   15    7  825    8    5   29    2    1]
 [   0    0    5    0    1    0    0    1    0    0    2   11    5   28
     7    4   30    3    0    1    0    8  364    6   40    2    0]
 [   2    3   12    3    0    0    0    2    6    6    5   17    8    2
     0    6   25    3    2    3    1   26   28 1799   83    0    0]
 [   3    5    8    2    0    1    0    0    1    7    4   10    8   10
     2    2   11    3    0    1    0   23   30   12  354    2    0]
 [  21    5    0    0    0    0    0    0    4    0    1    0    1    0
     0    2    0    2   10    3    0    5    0    0    0  497    1]
 [   0    0    0    0    0    0    0    0    2    0    0    0    0    0
     0    0    0    0    0    0    0    0    0    0    0    1  171]]