[[244  26   4  10  11  42  20   4   9   3   8   0   7   6   3  14   4   4
   69  33  19  22   3   2   2  40  14]
 [ 39 103  17  18  24  22  14   4   1   9  17   5   5   7  13  14  15  16
   31  17  22  16  10  14  11  31   7]
 [  4   2  45  27  10   7  10   3   4   8  24   8   7  11  18  21  11  21
   10   8  22  19   6  12  12   4   2]
 [  0   2  14  30   1   6   4   1   3   9   5   5   2   7   7  15   2  13
    2   4   3   6   5   5  10   2   3]
 [ 40  20  21  24  78  17  33   5  11   6  26   8  17   4   9  28   2  18
   20  39  22  25  10  19  11  16   5]
 [ 54  30   6   7  19 432  12   1   8   0   3   1   3   1   0   7   5   1
   56  47  31  15   1   7   4  34   6]
 [ 11   6   4   6   7   7  23   0   3   2   9   2   5   6   1   2   0   5
   11  14   5   3   3   7   0   8   3]
 [ 13  15  45  44  43  23  38  11   9  42  65  30  46  33  61  45  50  51
   18  76  32  47  30  36  37  26   8]
 [  7   4  20  21   8  18  17   3  13  13  24  13  10  16  19  29  18  17
   11  31  20  13  18  16  17  15   3]
 [ 12  14  52  59  38  14  40   6  10  68  77  40  24  43  56  33  71  57
   10  39  33  55  37  60  40  14   7]
 [  0   0   4   6   2   2   6   0   4   2  41  16   4   8   5   4   5  12
    3   3   1  18   3   4   5   2   1]
 [  0   4  30  29  18   9  12   4   8  13  45  31  23  23  21  32  23  33
    4   4  10  36  19  29  30   7   1]
 [  7   1  17  28  18   8  11   4   4   8  39  17 107  50  16  43  34  33
   14  21  16  61  18  25  32  13   3]
 [  4  13  58  45  20  15  26   5  17  26  65  24  51 134  59  55  52  56
    9  15  17  77  53  42  53  21   3]
 [  6   7  17  22   8   3  17   2   4  18  20  20  30  29 441  20  47  30
    8  10  19  17  28  13  17   6   2]
 [  8   4   9   6   2   6   8   0   3   3  14   2   7   5   0  39   0   9
    3   1   2   5   6   5   7   7   0]
 [ 12  14  29  37  11  23  17   4  10  42  73  28  57  70  51  42 193  49
    8  19  12  49  51  27  47  19   5]
 [  1   2   7  16   7   0   3   0   1   5  10   4  10   6   5  14   5  24
    4   0   1  11   3  11   9   5   1]
 [131  44   5   5  20  64  49   6   7   3  12   0   4   2   4  14   3   3
  359  46  28  16   4  12   5  91  15]
 [ 84  43  17  16  25  65  45   8  13   7  12   0  10   5   4  12  12   6
   80 248 161  12   6  21   3  25  15]
 [  5  12   7   6  18  15  12   2   3   3   8   2   1   1   7   6   7   2
    9  51  82   1   2  11   1   9   1]
 [ 22  20  35  30  21  28  25   4  12  16  58  11  24  52  21  41  27  48
   20  32   8 310  22  41  34  32   4]
 [  6   3  14  29   6   5  16   1   7  16  32  19  19  36  25  31  38  22
    4   8  20  46  51  29  26   6   3]
 [ 29  20  85 140  45  22  32   1  26  48 150  34  86 105  55 107  44 111
   14  69  45 147  61 429  80  50   7]
 [  9   2  30  30   6   7  18   4   3  18  44   7  10  36  24  28  27  36
    2   5   1  48  16  30  48   8   2]
 [ 30  11   2   2   3  15   7   1   0   0   8   0   5   6   2  15   0   2
   21   0   3  22   2   5   5 383   2]
 [  3   1   0   0   0   0   1   0   0   0   3   0   0   0   0   1   0   0
    4   1   1   0   0   0   0   0 159]]