              precision    recall  f1-score   support

           0       0.35      0.42      0.38      1018
           1       0.31      0.20      0.24      1019
           2       0.18      0.16      0.17      1019
           3       0.23      0.33      0.27      1019
           4       0.20      0.16      0.17      1019
           5       0.42      0.52      0.47      1019
           6       0.23      0.21      0.22      1019
           7       0.05      0.01      0.01      1019
           8       0.13      0.04      0.06      1018
           9       0.11      0.07      0.09      1018
          10       0.21      0.36      0.27      1019
          11       0.10      0.06      0.07      1019
          12       0.20      0.19      0.19      1019
          13       0.15      0.14      0.15      1018
          14       0.44      0.51      0.48      1019
          15       0.26      0.32      0.29      1019
          16       0.21      0.21      0.21      1019
          17       0.22      0.26      0.24      1019
          18       0.35      0.38      0.36      1019
          19       0.22      0.24      0.23      1019
          20       0.33      0.37      0.35      1019
          21       0.21      0.30      0.24      1018
          22       0.17      0.12      0.14      1019
          23       0.20      0.21      0.20      1019
          24       0.15      0.13      0.14      1019
          25       0.48      0.76      0.59      1019
          26       0.85      0.95      0.90      1019

    accuracy                           0.28     27508
   macro avg       0.26      0.28      0.26     27508
weighted avg       0.26      0.28      0.26     27508
