[[ 39   2   0   0   1   1   1   2   2   0   0   1   2   0   0   1   0   0
    4   9   2   0   0   0   0   6   0]
 [ 14  23   5   0   2   1   1   1   0   1   0   0   0   0   0   0   0   0
    1   2   3   1   0   0   0   3   1]
 [  0   5  22   3   0   1   0   0   0   1   0   3   0   0   0   0   0   0
    0   0   3   0   1   0   0   1   0]
 [  0   0   1  18   0   0   0   0   0   0   0   0   0   0   0   0   0   0
    0   0   1   0   0   0   0   0   0]
 [  7   1   1   0  41   0   2   2   1   0   0   0   1   0   0   1   0   0
    2   1   0   0   0   0   1   2   0]
 [  6   2   0   0   0  72   1   1   2   2   0   0   0   0   0   0   0   0
    3   3   1   0   0   0   0   0   0]
 [  2   1   0   0   1   1  10   0   2   0   0   1   0   0   0   0   0   0
    0   0   0   0   0   0   0   0   0]
 [  7   4   1   0   9   1   0  42  13  15   0   7   3   0   1   1   2   1
    0   3   2   0   0   0   1   2   0]
 [  6   1   0   0   1   1   2   7  18   0   0   1   1   0   0   0   0   0
    1   1   0   4   0   0   1   4   0]
 [  4   2   0   0   1   0   0   7   0  89   0   2   4   1   0   1   1   0
    1   2   0   0   0   0   3   1   0]
 [  0   0   0   0   0   0   0   0   1   0  18   0   0   0   0   0   0   0
    0   0   0   0   0   0   0   0   0]
 [  3   0   0   0   0   0   0   7   4   1   0  34   3   0   0   0   0   0
    1   0   0   1   3   1   1   0   0]
 [  3   1   0   0   1   0   0   4   3   0   1   0  47   2   1   0   4   2
    1   2   0   0   1   0   2   0   1]
 [  1   0   0   0   1   0   0   0   0   0   0   1   5  74   6   0  15   0
    0   0   0   1   9   1   5   1   0]
 [  0   0   0   0   0   0   0   1   0   0   0   0   4   3  80   0   5   0
    0   1   0   0   4   0   1   0   2]
 [  0   0   0   0   1   0   0   0   0   0   0   0   0   0   0  17   0   1
    0   0   0   0   0   0   0   0   0]
 [  1   0   0   0   0   1   0   1   1   0   0   0   1   7   8   1  84   0
    1   0   0   1   8   1   1   1   0]
 [  1   0   0   0   0   0   0   0   1   0   0   1   1   0   0   0   0  12
    0   2   0   0   0   0   0   1   0]
 [ 14   6   0   0   0   1   2   1   1   1   0   0   0   0   0   0   0   1
   66  11   1   0   0   0   1   6   0]
 [ 12   0   0   0   2   2   0   1   0   0   0   0   1   0   0   0   1   0
   13  74   0   0   0   0   0   5   1]
 [  1   0   4   1   0   0   0   0   0   0   0   0   0   0   0   0   0   0
    1   2  24   0   0   0   0   0   0]
 [  2   2   1   0   3   1   1   0   1   0   0   0   2   1   0   0   4   0
    4   3   0  90   2   0   0   1   0]
 [  0   0   0   0   0   0   1   1   0   0   0   0   1   5   1   0   5   0
    1   0   0   1  43   1   1   0   0]
 [  2   2   0   0   1   0   0   0   1   0   0   4   1   0   0   3   0   0
    1   0   0   1   5 216   2   0   1]
 [  1   0   0   0   0   0   1   1   0   0   0   2   1   3   0   1   1   3
    0   1   0   2   4   2  36   0   0]
 [ 11   0   0   0   0   0   0   0   0   0   0   0   0   0   0   1   0   0
    1   3   0   0   0   0   0  49   0]
 [  0   0   0   0   0   0   0   0   0   0   0   0   0   0   0   0   0   0
    0   0   0   0   0   0   0   0  20]]