[[ 398   17    5    2    9    5    6    3    2    5    1    0    5    2
     0    6    0    1   44   36    1   11    0    1    0   62    1]
 [  89  269   27    4   11   13    7   10   15    0    0    2    1    1
     0    1    0    1    9    2   22    2    0    2    3   11    0]
 [   4   19  236   12    3    1    3    2    5    6    0    8    3    1
     0    0    1    0    0    0   22    3    1    1    4    1    0]
 [   0    4    7  143    0    0    0    0    1    0    0    0    0    0
     0    1    0    0    0    0   10    0    0    0    0    0    0]
 [  20   17    4    0  392    7   13   21   11    0    0    5    6    1
     0    4    3    3   10    5    1    5    0    1    2    3    0]
 [  44   18    1    0    9  681   10    1    3    5    1    1    0    0
     0    0    0    1    9    3    2    1    0    0    0    1    0]
 [  15    5    2    0    8    0   90    3   10    1    1    2    3    0
     0    1    2    1    3    0    1    1    1    1    1    1    0]
 [  34   16    6    1   59    3   11  396  138  133    1   56   37    0
     2    7   14   12    4    8    2   13    5    2    8    3    3]
 [  22   14    2    1   13    8   17   64  212    0    1   14    7    2
     0    3    5    0    3    2    4    4    2    0    3    7    4]
 [  26    4   12    0   11    1   15   39    1  852    0    2    6    3
     0    5    1    0    4    9    1    3    5    3    6    0    0]
 [   1    0    0    0    2    0    1    1    2    1  139    3    7    0
     0    0    0    0    1    0    0    1    0    0    1    1    0]
 [   3    2    5    0    7    4    4   27   25    7    2  326   15    0
     0    4    4    5    0    4    0    6   13   14   20    1    0]
 [  17    4    0    1    9    1    5   28   11    2    5   20  404   28
    19   21   24    4    0    7    1   11    8    5    9    4    0]
 [   5    0    4    0    4    0    2    5    5    1    3    7   29  680
    44    1   72    5    1    1    0   13   85    5   42    0    1]
 [   2    2    0    0    1    0    0    2    0    0    0    3   20   19
   751    3   29    3    2    1    0    5   13    1    4    0    0]
 [   1    0    0    0    1    0    1    1    0    0    0    0    1    0
     0  152    0    2    0    0    0    0    1    0    1    0    0]
 [   9    5    5    0    9    1    7    9    5    0    1   19   27   72
    56    7  638    8    0    3    1   13   49    9   46    0    0]
 [   0    0    1    0    0    0    1    1    2    0    0    1    5    1
     3    4    4  133    0    0    0    1    1    0    6    1    0]
 [ 152   13    1    0   10   13    7    2    2    1    0    2    2    0
     0    2    0    2  674   38    4    4    1    1    0   21    0]
 [ 178    9    2    0    4   12    5    1    0    1    2    2    1    0
     0    2    0    3   94  602    5    6    2    0    1   23    0]
 [  10   12   17   14    1    1    3    1    6    1    0    0    0    0
     0    0    0    0    0    6  211    0    0    1    0    0    0]
 [  18   10    2    0    7    5   11    6   11    2    2    6   17   12
     0   10   13    6    8   11    1  808    6    1   24    1    0]
 [   1    0    0    0    0    0    3    1    0    0    1   13    5   35
     3    5   18   11    1    1    0    8  359    8   45    0    0]
 [  19    6    5    0    2    0    2    3   11    3    3   38   15    7
     1    6   14   15    5    2    0    4   26 1788   64    0    3]
 [   4    1    7    0    4    0    1    4    3    3    1   19    7   14
     1    3   18    4    0    1    0    9   33   18  342    2    0]
 [ 126    3    2    0    0    1    1    0    2    0    1    2    3    1
     0    3    0    1   12    6    0    3    0    1    0  384    0]
 [   0    0    0    0    0    0    0    1    5    0    0    0    0    0
     0    0    0    0    0    0    0    0    0    0    0    0  168]]