[[ 350   31    0    0   10    4    4    8    5    2    0    0   11    0
     1    4    1    3   76   50    1    9    0    0    1   51    1]
 [  56  283   36    0   10   12    0   10   21    2    0    1    2    0
     0    0    5    0   15    7   18    3    0    0    6   15    0]
 [   5   10  251    2    5    1    0    1    2    9    0   10    2    1
     1    0    3    1    3    1   16    6    0    0    6    0    0]
 [   0    4   17  134    0    0    0    0    1    0    0    0    0    0
     0    0    0    0    1    0    8    1    0    0    0    0    0]
 [  20    7    3    0  406    7    3   18    5    0    1    3    8    2
     0    1    2    0   10   10    3   16    0    1    2    6    0]
 [  30   11    0    0    5  713    1    2    2    6    0    0    1    0
     0    0    0    0   13    4    0    1    0    0    0    2    0]
 [  11    5    2    0   11    1   90    3   11    2    0    1    2    0
     0    0    2    1    0    5    1    2    1    0    0    2    0]
 [  35    9    3    0   61    4    4  502   57  142    2   31   31    6
     2    2   13    6    7   11    3   19    2    3   16    3    0]
 [  22    9    0    0   16   14    3   89  205    3    1    3    2    4
     0    0    6    1    6    7    3    6    0    1    2    9    2]
 [  18    4    3    0    8    3    6   33    5  873    0    1    1    4
     2    1    2    0   14    7    0   16    2    0    6    0    0]
 [   1    1    0    0    2    0    0    4    2    0  132    0    2    5
     1    0    1    0    3    0    0    7    0    0    0    0    0]
 [   6    2    0    0    6    0    1   29    9    7    1  316   29    8
     0    1    7    3    7    4    0   11   10   17   17    5    2]
 [  17    3    2    0    6    0    0   27    0    1    1    5  434   31
    18    6   23    4   14   14    0   23    3    3    8    5    0]
 [   6    0    2    0    0    0    0    7    3    0    0    4   11  772
    35    1   60    2    0    1    0   18   46    3   44    0    0]
 [   2    0    0    0    0    1    0    1    0    0    0    0   15   26
   768    0   27    0    2    1    0    7    5    2    4    0    0]
 [   3    0    0    0    0    0    0    1    0    1    0    0    3    1
     0  140    2    1    1    1    0    4    0    1    2    0    0]
 [   5    2    1    0    6    2    2   11    1    3    0    4   18   95
    32    2  741    1    2    4    0   20   19    4   24    0    0]
 [   0    0    0    0    0    0    0    5    0    0    0    1    4    3
     2    5    8  115    1    1    0    6    3    2    8    1    0]
 [  99    9    0    0    7   14    3    1    3    6    0    1    1    0
     0    0    0    1  719   48    5   13    0    2    0   20    0]
 [ 107    9    1    0    4   13    1    4    2    2    0    0    2    1
     1    0    0    5  117  646    3   12    0    0    1   24    0]
 [   5    8   18    9    1    1    1    0    8    2    0    0    3    0
     0    1    0    1    1    8  217    0    0    0    0    0    0]
 [  14    2    1    0    6   10    1    4    2    1    0    2   12    6
     3    1   15    0   22   24    0  845    7    1   17    1    1]
 [   1    0    1    0    0    0    0    5    0    0    0    1    6   45
     6    2   23    4    0    1    0   11  365    9   38    0    0]
 [  11    1    0    0    1    1    0    7    2    1    0   13   15   18
     5    3   22    3   11    5    0   14    8 1866   34    1    0]
 [   5    0    1    0    1    1    0    4    1    3    0    6   11   20
     1    0   13    1    1    2    0   22   23   23  359    1    0]
 [ 102    2    0    0    0    2    0    0    1    0    1    2    5    0
     1    3    0    0   26   15    0    3    0    1    0  388    0]
 [   0    0    0    0    0    0    0    0    3    0    0    0    0    0
     0    0    0    0    0    0    0    0    0    0    0    0  171]]