[[ 61   0   0   0   0   0   0   0   0   0   0   0   0   0   0   1   0   0
    3   4   1   0   0   0   0   3   0]
 [ 28  17   5   0   0   3   0   0   0   0   0   0   1   0   0   0   0   1
    1   0   2   0   0   0   0   1   0]
 [  4   0  15   3   0   1   0   1   0   1   0   1   0   0   0   1   1   1
    1   0  10   0   0   0   0   0   0]
 [  1   0   0  19   0   0   0   0   0   0   0   0   0   0   0   0   0   0
    0   0   0   0   0   0   0   0   0]
 [ 17   0   0   0  36   2   2   0   0   0   0   0   0   0   0   1   0   0
    1   0   0   0   2   0   0   2   0]
 [ 20   0   0   0   1  67   0   0   1   0   0   0   0   0   0   0   0   1
    0   2   0   0   0   0   0   1   0]
 [  9   0   1   0   0   0   6   1   1   0   0   0   0   0   0   0   0   0
    0   0   0   0   0   0   0   0   0]
 [ 28   1   1   0  11   0   0  21   4  19   1   8   0   0   3   0   4   5
    0   1   1   1   2   1   0   3   0]
 [ 11   0   0   0   3   4   1   6  12   0   0   0   0   0   0   0   0   2
    0   2   0   1   1   1   0   4   1]
 [ 18   0   0   0   2   0   0   2   0  95   0   0   0   0   0   0   0   0
    0   1   0   0   0   0   1   0   0]
 [  0   0   0   0   0   0   0   0   0   0  17   0   0   0   0   0   0   0
    0   1   0   1   0   0   0   0   0]
 [  8   0   0   0   3   0   0   4   0   0   0  31   1   0   1   0   0   0
    0   0   0   1   4   2   0   4   0]
 [ 16   0   0   0   2   0   0   2   0   0   0   0  37   4   2   1   3   2
    0   2   0   0   2   0   0   2   1]
 [  2   0   0   0   3   0   0   1   0   0   0   0   2  56  11   0  23   1
    0   0   0   2  14   2   3   0   0]
 [  3   1   0   0   2   0   0   0   0   0   0   1   0   3  81   0   7   0
    0   1   0   0   1   0   0   1   0]
 [  4   0   0   0   0   0   0   0   0   0   0   0   0   0   0  14   0   1
    0   0   0   0   0   0   0   0   0]
 [  4   0   0   2   1   1   0   1   1   1   0   1   1   9   8   1  74   2
    0   0   0   0   8   0   1   2   0]
 [  1   0   0   0   0   0   0   0   0   0   0   2   0   0   0   0   0  13
    0   1   0   0   1   0   0   1   0]
 [ 53   3   0   1   1   0   0   0   0   0   0   0   0   0   0   0   0   0
   45   2   1   1   0   0   0   5   0]
 [ 35   0   0   0   2   1   0   0   0   0   0   0   0   0   0   2   0   1
    5  61   0   1   0   0   0   4   0]
 [  2   0   0   0   0   0   0   0   1   0   0   0   0   0   0   0   0   0
    0   2  28   0   0   0   0   0   0]
 [ 14   3   1   0   5   1   0   0   0   0   0   3   0   1   2   1   5   0
    2   9   0  62   1   0   1   7   0]
 [  1   0   0   0   2   0   0   0   0   0   0   0   0   7   3   0   2   1
    0   0   0   0  43   0   2   0   0]
 [ 14   1   2   0   2   0   0   0   0   1   0   0   0   3   0   1   1   1
    0   0   0   2   5 205   0   2   0]
 [ 11   0   1   0   1   0   0   0   0   0   0   2   2   4   2   1   6   1
    0   0   0   1   9   4  14   0   0]
 [ 15   0   0   0   0   1   0   0   0   0   0   0   0   0   0   0   0   0
    2   2   0   0   0   0   0  45   0]
 [  0   0   0   0   0   0   0   0   0   0   0   0   0   0   0   0   0   0
    0   0   0   0   0   0   0   0  20]]