[[ 181   20    0    0    1   13    3    1   10    3    0    0    3    2
     5    3    6    0  134   89    3   61    1    7    0   73    4]
 [  11  210    5    4    4   33    3    6   19   27    5    0   10    6
     2    1   11    2   29   30    7   27    2   19    4   14   11]
 [   0    4   58   19    8    9    4   12   13   60    1    7   21    5
     0    1    2    1    4    9   12   38    4   32   12    0    0]
 [   1   10    8   91    2    4    0    3    5   17    0    0    0    0
     0    0    0    1    0    1    1    6    1   12    0    2    1]
 [   5   16    0    1  226   15   29   58   10   19    3    6   40    0
     4    4   12    3   10   13    6   17    0   28    1    4    4]
 [   4    8    0    0    5  680    3    0   11    1    0    0    5    0
     0    0    0    0   27   24    6   11    0    3    0    2    1]
 [   3    7    2    1   14    7   34   11    8    4    2    2    6    1
     1    1    8    2   12    4    3    5    1    8    1    4    1]
 [   0   11    5    1   55   12    3  266   43  161    5   17   93   21
    20    2   61   13   10   18    5   63   12   54   20    2    1]
 [   1   18    3    0    4   25    9   54   81   11    2    9   20    9
     1    2   19    6   27   30    7   34    2   26    6    7    1]
 [   0    4   27    4    4    0    5   42    6  675    2    7   31    9
     1    0   21    5    4   10    5   41    7   78   19    1    1]
 [   0    1    1    1    1    0    0    6    2    7   53    0   21    7
     9    0    5    5    0    0    0   26    1    8    5    1    1]
 [   0    3    3    1    8    4    4   71   16   42    2   70   49   19
    12    1   23   14    0    1    1   48   14   76   16    0    0]
 [   0    3    1    0   12    3    0   44   15   18    3    5  304   45
    24    5   37   12    2    3    0   42    7   56    6    1    0]
 [   1    0    2    0    2    0    0   15    5   13    3    6   85  506
    51    1   98    2    5    2    1   93   35   66   19    3    1]
 [   1    0    0    0    0    2    1    8    5    3    3    2   44   39
   627    0   50    3    3    7    0   34    5   24    0    0    0]
 [   2    3    0    0    5    2    0    1   12    2    6    1    4    1
     4   76    4    3    1    4    0   17    1    7    0    5    0]
 [   3    5    6    2   11    6    3   45   10   42    8    6   70   67
    66    2  405    9    9   15    2   89   26   77   12    3    0]
 [   0    0    2    0    0    0    0    7    0    7    0    6   30    7
     6    6   15   47    1    0    0   14    2   13    1    1    0]
 [  31   28    2    0    4   20    3    4    7    1    0    0    2    1
     2    0    3    1  692   67    3   18    0    2    0   54    7]
 [  49   18    0    0    5   26    5    5   14    2    1    0    6    6
     5    1    9    0  171  499   18   67    2   16    0   28    2]
 [   2   25    4    1    9   17    2    4    7   21    0    1    7    2
     0    0    4    1    9   38   96   18    1   10    0    4    1]
 [   7    7    7    5    0    5    4   18   12   19    4    5   22   27
     7    1   28    2   15   24    7  666    5   71   11   18    1]
 [   0    0    1    0    1    2    4   16    0   18    0    4   40  105
    18    0   40    3    0    2    0   47  128   73   14    2    0]
 [   1    0   11    5    5    5    4   28    7   64    6   21   81   66
     7    8   24    4   13    5    1  135   25 1471   38    6    1]
 [   0    3    3    3    2    1    1    7    2   63    9   16   30   25
     6    0   26    3    2    2    1   83   21   98   91    1    0]
 [  26   13    0    0    3    7    1    2    3    0    0    0    2    0
     3    0    2    0   63   11    0   27    0    3    0  376   10]
 [   2   24    0    0    3    4    4    0    4    2    0    0    0    0
     0    1    2    0   19    3    0    3    2    1    0   24   76]]