[[ 288   29    0    1    9    8    7    7    8    1    0    3   10    1
     0    2    1    1  104   61    1    8    0    0    3   69    2]
 [  50  283   43    2    9    6    5   13   11    1    0    3    1    2
     0    1    1    0   14   11   24    2    2    2    6    9    0]
 [   0   15  252    4    4    1    1    2    3   11    0    5    4    3
     0    0    2    0    1    1   18    3    0    0    6    0    0]
 [   0    2   15  130    0    0    0    2    2    0    0    0    0    0
     0    0    0    0    0    0   14    0    0    0    0    0    1]
 [  13   16    4    0  399    3    6   36   12    2    0    0    8    0
     0    1    2    0   12    7    4    4    0    0    1    3    1]
 [  46   17    1    0   12  659    7    2   15    1    0    0    1    0
     1    0    1    0    8    6    2    4    0    0    3    5    0]
 [  11    7    2    0   11    5   88    5    5    2    0    3    0    0
     0    0    1    0    5    1    3    1    0    0    1    2    0]
 [  17   24    3    0   51    6    4  491   79  166    2   35   30    5
     3    0   15    8    7    6    1    7    8    2    3    1    0]
 [  13   11    6    1   11    9    5   82  213    2    0    9    4    1
     0    0    2    0   13    5    5    3    1    4    5    7    2]
 [  31    9    6    0   13    3    1   62    5  798    0    3    7    4
     0    4    4    0   13   10    1    6   10    3   13    3    0]
 [   0    1    1    0    2    0    1    3    1    0  144    0    2    0
     0    0    3    0    0    0    0    3    0    0    0    0    0]
 [   7    4    2    0    4    1    0   34   15    9    4  345   21    6
     0    0    5    1    4    5    0    4   13    3    9    2    0]
 [  12    2    1    0    6    2    0   32    6    5    0    7  451   15
    16    7   28    0   11   12    0   11   10    2   10    3    0]
 [   5    1    3    0    2    0    0   12    2    1    0    8   24  751
    43    1   65    0    1    1    0   12   45    1   37    0    0]
 [   0    0    0    0    0    0    0    6    0    0    0    4   26   15
   750    0   39    2    6    0    0    2    8    0    2    1    0]
 [   3    0    0    0    1    2    0    4    0    0    0    0    5    0
     0  131    1    0    4    4    0    0    1    1    2    1    0]
 [   2    3    1    0   10    0    0   20    9    2    0   12   29   74
    35    4  717    0    6    4    1   10   35    1   23    1    0]
 [   1    1    0    0    2    0    0    3    0    1    0    6    3    2
     1    1    8  121    0    1    0    1    7    1    5    0    0]
 [ 126   31    1    1    7    6    3    7   12    9    0    6   13    2
     1    2    2    1  549   79    2    7    2    0    2   81    0]
 [ 112    8    0    0   11    9    2    7    9    2    0    1   11    0
     0    2    2    1  104  625    6    6    2    0    4   31    0]
 [   5    9   30    1    3    5    0    3    7    0    0    2    1    0
     0    0    0    0    1    6  211    0    0    0    0    0    0]
 [  19    4    3    0    5    4    1   13   13    1    0   11   22   17
     1    1   21    1   15   16    0  793    8    2   23    4    0]
 [   0    0    0    0    1    0    0    3    1    2    0   10   10   46
     6    3   25    1    0    1    0    6  366    6   29    2    0]
 [   8    1    2    0    2    0    0   13    6    2    1   27   15    7
     0    2   35    0    5    6    3   10   22 1816   58    1    0]
 [   4    2    1    0    0    2    0    2    2    7    0   13    9   22
     2    2   13    0    5    2    0    8   30   11  358    4    0]
 [  66    7    1    0    4    3    0    4    7    1    0    1    4    0
     0    0    1    2   70   24    1    1    1    1    2  350    1]
 [   0    0    0    0    0    0    0    0    4    0    0    0    0    0
     0    0    0    0    1    0    0    0    0    0    1    2  166]]