              precision    recall  f1-score   support

          10       0.34      0.46      0.39       624
          40       0.58      0.56      0.57       501
          50       0.67      0.75      0.71       336
          60       0.93      0.78      0.85       166
        1140       0.69      0.75      0.72       534
        1160       0.90      0.83      0.86       791
        1180       0.67      0.58      0.62       153
        1280       0.57      0.50      0.53       974
        1281       0.48      0.51      0.49       414
        1300       0.78      0.79      0.78      1009
        1301       0.95      0.89      0.92       161
        1302       0.67      0.69      0.68       498
        1320       0.63      0.69      0.66       649
        1560       0.77      0.74      0.76      1015
        1920       0.87      0.87      0.87       861
        1940       0.80      0.82      0.81       160
        2060       0.72      0.72      0.72       999
        2220       0.87      0.73      0.80       165
        2280       0.57      0.58      0.57       952
        2403       0.70      0.65      0.68       955
        2462       0.71      0.74      0.73       284
        2522       0.87      0.79      0.83       998
        2582       0.64      0.71      0.67       518
        2583       0.98      0.89      0.93      2042
        2585       0.59      0.72      0.65       499
        2705       0.60      0.63      0.62       552
        2905       0.96      0.95      0.96       174

    accuracy                           0.72     16984
   macro avg       0.72      0.72      0.72     16984
weighted avg       0.73      0.72      0.72     16984
