[[ 331   38    2    0    8    8    5    8    4    2    0    2   10    1
     1    4    2    1   46   58    2    9    0    1    2   77    1]
 [  52  300   34    0   10    9    6   11   15    1    0    1    1    0
     0    0    2    1   10    4   16    2    0    3    5   19    0]
 [   5   11  261    4    2    1    1    4    1    7    0    9    4    1
     0    0    2    1    0    0   19    2    0    0    1    0    0]
 [   0    4   12  136    1    0    0    1    1    0    0    0    0    0
     0    0    0    0    0    0   10    0    0    1    0    0    0]
 [  16   14    1    0  397   10   10   22    7    3    0    5    7    0
     1    1    6    2    7    7    2    6    1    1    2    6    0]
 [  26   18    0    0   10  701    5    1    3    5    0    1    1    0
     1    0    0    0   13    4    1    0    0    0    0    1    0]
 [   9    3    2    0    7    2   89    6   13    1    1    1    6    1
     0    1    5    0    0    0    2    1    0    0    1    2    0]
 [  23   13    4    1   57    3    4  459   96  138    1   53   38    5
     4    3   13    7    7   14    2   13    1    3   10    2    0]
 [  20   13    3    0   16   12    6   74  213    2    1   12    4    1
     0    1    6    0    2    5    4    6    0    0    3    8    2]
 [  14    3    6    0    8    2    5   40    4  875    0    3    2    2
     0    4    2    0    6   13    0    4    5    1    9    1    0]
 [   2    0    0    0    1    0    1    2    2    0  134    3    4    3
     0    0    0    0    3    1    0    4    1    0    0    0    0]
 [   4    1    2    0    3    0    1   39   17    5    0  343   20    5
     0    1    8    2    2    4    0    4    8   11   15    2    1]
 [  16    6    3    0    6    0    1   33    5    5    0   12  455   21
    15    9   23    2    3    7    0    8    4    3    9    2    0]
 [   5    0    2    0    1    0    0    7    3    1    0    8   22  728
    43    2   69    2    0    1    0   17   52    3   49    0    0]
 [   2    1    0    0    0    0    0    0    0    0    0    4   21   18
   765    0   29    0    1    1    0    5   10    1    3    0    0]
 [   0    0    0    0    1    1    0    1    1    1    0    0    4    0
     0  144    1    2    0    0    1    3    0    0    1    0    0]
 [   6    2    3    0    7    1    3   15    4    0    0   12   22   90
    44    5  704    1    2    4    1   13   22    6   31    1    0]
 [   0    0    0    0    0    0    0    4    0    0    0    2    6    2
     2    3    8  122    1    0    0    3    4    2    5    1    0]
 [  86   14    0    0    9   15    2    3    6    7    0    1    1    0
     1    1    0    2  697   65    4    8    0    2    1   27    0]
 [ 111   17    2    0    4   10    1    3    3    5    1    1    4    0
     1    0    0    5   95  639    6   11    0    1    3   32    0]
 [   5   10   17   11    1    1    1    0    7    1    1    0    2    0
     0    0    0    1    1    6  218    0    0    1    0    0    0]
 [  13    2    1    0    9    7    1    6    6    7    0    8   18   12
     1    4   13    1   12   14    0  830    5    0   24    3    1]
 [   1    0    0    0    0    0    0    4    0    0    0    6    5   45
     2    3   28    6    0    0    1   10  357    4   46    0    0]
 [   8    2    2    0    3    1    0    6    2    1    0   27   12    8
     5    4   14    3   10    7    0    3   20 1857   47    0    0]
 [   2    3    3    0    0    0    0    5    2    3    0   15   12   14
     1    0   15    0    0    2    0    9   23   22  366    2    0]
 [ 106    5    0    0    0    1    0    0    1    0    1    4    6    0
     0    2    0    2   17   13    0    3    0    1    0  390    0]
 [   0    1    0    0    0    0    0    0    3    0    0    0    0    0
     0    0    0    0    0    0    0    0    0    0    0    0  170]]