              precision    recall  f1-score   support

          10       0.16      0.88      0.28        73
          40       0.57      0.36      0.44        59
          50       0.64      0.35      0.45        40
          60       0.82      0.90      0.86        20
        1140       0.52      0.57      0.55        63
        1160       0.87      0.67      0.76        93
        1180       0.21      0.28      0.24        18
        1280       0.49      0.30      0.38       115
        1281       0.39      0.33      0.36        49
        1300       0.95      0.76      0.85       119
        1301       0.78      0.95      0.86        19
        1302       0.71      0.46      0.56        59
        1320       0.51      0.46      0.48        76
        1560       0.56      0.39      0.46       120
        1920       0.73      0.71      0.72       101
        1940       0.46      0.58      0.51        19
        2060       0.63      0.50      0.56       118
        2220       0.45      0.53      0.49        19
        2280       0.67      0.37      0.47       112
        2403       0.67      0.37      0.47       112
        2462       0.61      0.70      0.65        33
        2522       0.60      0.49      0.54       118
        2582       0.38      0.48      0.42        61
        2583       0.94      0.75      0.84       240
        2585       0.29      0.36      0.32        59
        2705       0.45      0.58      0.51        65
        2905       0.95      1.00      0.98        20

    accuracy                           0.55      2000
   macro avg       0.59      0.56      0.55      2000
weighted avg       0.64      0.55      0.57      2000
